12
0.361508 0.00154812 -0.932368 0
0.932368 -0.00213202 0.361504 0
-0.00142817 -0.999997 -0.00221416 0
-60.2507 -22.9783 928.093 1
0.988208 -0.00107232 -0.153112 0
-0.153109 0.00240672 -0.988206 0
0.00142817 0.999997 0.00221416 0
110.737 -111.262 539.269 1
-0.361508 -0.00154812 0.932368 0
-0.932368 0.00213202 -0.361504 0
-0.00142817 -0.999997 -0.00221416 0
727.954 -22.1446 43.1842 1
0.590504 0.00094356 -0.807034 0
-0.807033 0.00246005 -0.590501 0
0.00142817 0.999997 0.00221416 0
-179.357 -113.656 1807.53 1
0.779259 0.0002747 -0.626702 0
0.6267 -0.00262044 0.779256 0
-0.00142817 -0.999997 -0.00221416 0
-523.641 -23.1271 1294.21 1
0.153109 -0.00240672 0.988206 0
0.988208 -0.00107232 -0.153112 0
0.00142817 0.999997 0.00221416 0
-115.204 -111.937 989.885 1
-0.932368 0.00213202 -0.361504 0
0.361508 0.00154812 -0.932368 0
-0.00142817 -0.999997 -0.00221416 0
-451.708 -23.1559 1260.81 1
0.361508 0.00154812 -0.932368 0
0.932368 -0.00213202 0.361504 0
-0.00142817 -0.999997 -0.00221416 0
-717.415 -23.9257 1779.86 1
0.779259 0.0002747 -0.626702 0
0.6267 -0.00262044 0.779256 0
-0.00142817 -0.999997 -0.00221416 0
-1262.43 -22.1971 1350.71 1
0.914908 -0.000412879 -0.403661 0
0.403659 -0.00260225 0.914906 0
-0.00142817 -0.999997 -0.00221416 0
-1017.24 -23.2295 1658.86 1
-0.807033 0.00246005 -0.590501 0
0.590504 0.00094356 -0.807034 0
-0.00142817 -0.999997 -0.00221416 0
108.153 -24.8264 1654.15 1
-0.403659 0.00260225 -0.914906 0
0.914908 -0.000412879 -0.403661 0
-0.00142817 -0.999997 -0.00221416 0
-599.343 -24.1484 1804.3 1
