12
-0.965926 2e-15 -0.258819 0
-1.49884e-15 -1 -2.13366e-15 0
-0.258819 -1.67303e-15 0.965926 0
428.961 457.2 167.837 1
0.965926 3e-15 0.258819 0
3.09874e-15 -1 2.64571e-17 0
0.258819 7.76457e-16 -0.965926 0
28.1183 457.2 489.976 1
-0.258819 -1e-14 -0.965926 0
-1.0212e-15 1 -1.00791e-14 0
0.965926 -1.62226e-15 -0.258819 0
171.028 419.1 619.361 1
0.965926 -0.000655367 -0.258818 0
6.42932e-17 0.999997 -0.00253214 0
0.258819 0.00244586 0.965923 0
28.239 419.007 326.484 1
1 2e-15 0 0
-2e-15 1 0 0
0 0 1 0
317.5 419.1 399.475 1
-0.258819 -5e-15 0.965926 0
7.07518e-15 -1 -3.28059e-15 0
0.965926 5.98502e-15 0.258819 0
323.814 457.2 266.804 1
-0.258819 -0.00244586 -0.965923 0
6.70807e-14 -0.999997 0.00253214 0
-0.965926 0.000655367 0.258818 0
233.175 456.968 271.475 1
5.8087e-11 9.6e-14 -1 0
-2.9e-14 1 9.6e-14 0
1 2.9e-14 5.8087e-11 0
116.586 419.1 484.446 1
1 1e-15 3e-15 0
-1e-15 1 3e-14 0
-3e-15 -3e-14 1 0
37.9793 419.1 609.5 1
-2.55884e-12 1.57772e-30 1 0
-8e-15 1 -2.04717e-26 0
-1 -8e-15 -2.55884e-12 0
37.9793 419.1 38 1
2.76412e-15 2.9e-14 -1 0
-3e-15 1 2.9e-14 0
1 3e-15 2.76412e-15 0
418.979 419.1 758 1
0.5 2.9e-14 -0.866025 0
7.19263e-15 -1 -2.93336e-14 0
-0.866025 8.43782e-15 -0.5 0
234.679 457.2 125.988 1
